  0.0000000000e+00   1.0000000000e+00
  4.0000000000e+01   9.9974457118e-01
  8.0000000000e+01   9.9897893817e-01
  1.2000000000e+02   9.9770500968e-01
  1.6000000000e+02   9.9592595811e-01
  2.0000000000e+02   9.9364621692e-01
  2.4000000000e+02   9.9087146607e-01
  2.8000000000e+02   9.8760860042e-01
  3.2000000000e+02   9.8386569255e-01
  3.6000000000e+02   9.7965194901e-01
  4.0000000000e+02   9.7497761080e-01
  4.4000000000e+02   9.6985396215e-01
  4.8000000000e+02   9.6429341277e-01
  5.2000000000e+02   9.5830937017e-01
  5.6000000000e+02   9.5191608445e-01
  6.0000000000e+02   9.4512887095e-01
  6.4000000000e+02   9.3796406679e-01
  6.8000000000e+02   9.3043890975e-01
  7.2000000000e+02   9.2257145406e-01
  7.6000000000e+02   9.1438048267e-01
  8.0000000000e+02   9.0588542469e-01
  8.4000000000e+02   8.9710636108e-01
  8.8000000000e+02   8.8806400471e-01
  9.2000000000e+02   8.7877890898e-01
  9.6000000000e+02   8.6927201633e-01
  1.0000000000e+03   8.5956499214e-01
  1.0400000000e+03   8.4967965893e-01
  1.0800000000e+03   8.3963786143e-01
  1.1200000000e+03   8.2946171280e-01
  1.1600000000e+03   8.1917401305e-01
  1.2000000000e+03   8.0879742574e-01
  1.2400000000e+03   7.9835437131e-01
  1.2800000000e+03   7.8786770364e-01
  1.3200000000e+03   7.7736004349e-01
  1.3600000000e+03   7.6685341377e-01
  1.4000000000e+03   7.5636883496e-01
  1.4400000000e+03   7.4592690704e-01
  1.4800000000e+03   7.3554829950e-01
  1.5200000000e+03   7.2525349315e-01
  1.5600000000e+03   7.1506257535e-01
  1.6000000000e+03   7.0499512801e-01
  1.6400000000e+03   6.9506988224e-01
  1.6800000000e+03   6.8530470565e-01
  1.7200000000e+03   6.7571730184e-01
  1.7600000000e+03   6.6632386486e-01
  1.8000000000e+03   6.5713895141e-01
  1.8400000000e+03   6.4817673114e-01
  1.8800000000e+03   6.3945175879e-01
  1.9200000000e+03   6.3097890510e-01
  1.9600000000e+03   6.2277220033e-01
  2.0000000000e+03   6.1484405058e-01
  2.0400000000e+03   6.0720583290e-01
  2.0800000000e+03   5.9986842295e-01
  2.1200000000e+03   5.9284209041e-01
  2.1600000000e+03   5.8613554773e-01
  2.2000000000e+03   5.7975703274e-01
  2.2400000000e+03   5.7371389816e-01
  2.2800000000e+03   5.6801201188e-01
  2.3200000000e+03   5.6265772704e-01
  2.3600000000e+03   5.5765677225e-01
  2.4000000000e+03   5.5301346638e-01
  2.4400000000e+03   5.4873150953e-01
  2.4800000000e+03   5.4481362015e-01
  2.5200000000e+03   5.4126195488e-01
  2.5600000000e+03   5.3807724269e-01
  2.6000000000e+03   5.3525944589e-01
  2.6400000000e+03   5.3280754221e-01
  2.6800000000e+03   5.3072076262e-01
  2.7200000000e+03   5.2899791711e-01
  2.7600000000e+03   5.2763687849e-01
  2.8000000000e+03   5.2663587833e-01
  2.8400000000e+03   5.2599245435e-01
  2.8800000000e+03   5.2570298337e-01
  2.9200000000e+03   5.2576337493e-01
  2.9600000000e+03   5.2616883084e-01
  3.0000000000e+03   5.2691322161e-01
  3.0400000000e+03   5.2798889344e-01
  3.0800000000e+03   5.2938687668e-01
  3.1200000000e+03   5.3109782681e-01
  3.1600000000e+03   5.3311279970e-01
  3.2000000000e+03   5.3542358700e-01
  3.2400000000e+03   5.3802213564e-01
  3.2800000000e+03   5.4089932732e-01
  3.3200000000e+03   5.4404513831e-01
  3.3600000000e+03   5.4744922474e-01
  3.4000000000e+03   5.5110125993e-01
  3.4400000000e+03   5.5499034425e-01
  3.4800000000e+03   5.5910443667e-01
  3.5200000000e+03   5.6343174342e-01
  3.5600000000e+03   5.6796042113e-01
  3.6000000000e+03   5.7267890058e-01
  3.6400000000e+03   5.7757488152e-01
  3.6800000000e+03   5.8263507472e-01
  3.7200000000e+03   5.8784613443e-01
  3.7600000000e+03   5.9319517661e-01
  3.8000000000e+03   5.9866975626e-01
  3.8400000000e+03   6.0425769692e-01
  3.8800000000e+03   6.0994672956e-01
  3.9200000000e+03   6.1572381343e-01
  3.9600000000e+03   6.2157495896e-01
  4.0000000000e+03   6.2748620765e-01
  4.0400000000e+03   6.3344456514e-01
  4.0800000000e+03   6.3943828594e-01
  4.1200000000e+03   6.4545563977e-01
  4.1600000000e+03   6.5148436038e-01
  4.2000000000e+03   6.5751263576e-01
  4.2400000000e+03   6.6352927919e-01
  4.2800000000e+03   6.6952308768e-01
  4.3200000000e+03   6.7548237145e-01
  4.3600000000e+03   6.8139609410e-01
  4.4000000000e+03   6.8725418956e-01
  4.4400000000e+03   6.9304658877e-01
  4.4800000000e+03   6.9876321321e-01
  4.5200000000e+03   7.0439488762e-01
  4.5600000000e+03   7.0993213935e-01
  4.6000000000e+03   7.1536550507e-01
  4.6400000000e+03   7.2068611066e-01
  4.6800000000e+03   7.2588571949e-01
  4.7200000000e+03   7.3095599040e-01
  4.7600000000e+03   7.3588923339e-01
  4.8000000000e+03   7.4067862166e-01
  4.8400000000e+03   7.4531805055e-01
  4.8800000000e+03   7.4980117040e-01
  4.9200000000e+03   7.5412162909e-01
  4.9600000000e+03   7.5827411736e-01
  5.0000000000e+03   7.6225439065e-01
  5.0400000000e+03   7.6605799823e-01
  5.0800000000e+03   7.6968025786e-01
  5.1200000000e+03   7.7311659505e-01
  5.1600000000e+03   7.7636321522e-01
  5.2000000000e+03   7.7941658857e-01
  5.2400000000e+03   7.8227315863e-01
  5.2800000000e+03   7.8493017128e-01
  5.3200000000e+03   7.8738541526e-01
  5.3600000000e+03   7.8963687498e-01
  5.4000000000e+03   7.9168319608e-01
  5.4400000000e+03   7.9352359489e-01
  5.4800000000e+03   7.9515701895e-01
  5.5200000000e+03   7.9658223642e-01
  5.5600000000e+03   7.9779811112e-01
  5.6000000000e+03   7.9880448368e-01
  5.6400000000e+03   7.9960193653e-01
  5.6800000000e+03   8.0019160355e-01
  5.7200000000e+03   8.0057584598e-01
  5.7600000000e+03   8.0075761081e-01
  5.8000000000e+03   8.0073947067e-01
  5.8400000000e+03   8.0052341328e-01
  5.8800000000e+03   8.0011190090e-01
  5.9200000000e+03   7.9950794633e-01
  5.9600000000e+03   7.9871491166e-01
  6.0000000000e+03   7.9773637296e-01
  6.0400000000e+03   7.9657647880e-01
  6.0800000000e+03   7.9523949969e-01
  6.1200000000e+03   7.9373020670e-01
  6.1600000000e+03   7.9205400618e-01
  6.2000000000e+03   7.9021668967e-01
  6.2400000000e+03   7.8822446454e-01
  6.2800000000e+03   7.8608312359e-01
  6.3200000000e+03   7.8379794713e-01
  6.3600000000e+03   7.8137461921e-01
  6.4000000000e+03   7.7881877084e-01
  6.4400000000e+03   7.7613678022e-01
  6.4800000000e+03   7.7333605724e-01
  6.5200000000e+03   7.7042433652e-01
  6.5600000000e+03   7.6740907813e-01
  6.6000000000e+03   7.6429819732e-01
  6.6400000000e+03   7.6109888553e-01
  6.6800000000e+03   7.5781779038e-01
  6.7200000000e+03   7.5446222989e-01
  6.7600000000e+03   7.5103936551e-01
  6.8000000000e+03   7.4755640245e-01
  6.8400000000e+03   7.4402002766e-01
  6.8800000000e+03   7.4043692429e-01
  6.9200000000e+03   7.3681414291e-01
  6.9600000000e+03   7.3315912959e-01
  7.0000000000e+03   7.2947941084e-01
  7.0400000000e+03   7.2578249718e-01
  7.0800000000e+03   7.2207565768e-01
  7.1200000000e+03   7.1836667613e-01
  7.1600000000e+03   7.1466241853e-01
  7.2000000000e+03   7.1096883956e-01
  7.2400000000e+03   7.0729162180e-01
  7.2800000000e+03   7.0363649300e-01
  7.3200000000e+03   7.0000951692e-01
  7.3600000000e+03   6.9641672509e-01
  7.4000000000e+03   6.9286318409e-01
  7.4400000000e+03   6.8935282907e-01
  7.4800000000e+03   6.8589017516e-01
  7.5200000000e+03   6.8247956686e-01
  7.5600000000e+03   6.7912454793e-01
  7.6000000000e+03   6.7582913544e-01
  7.6400000000e+03   6.7259725010e-01
  7.6800000000e+03   6.6943335912e-01
  7.7200000000e+03   6.6634235507e-01
  7.7600000000e+03   6.6333017779e-01
  7.8000000000e+03   6.6040286295e-01
  7.8400000000e+03   6.5756492628e-01
  7.8800000000e+03   6.5482015915e-01
  7.9200000000e+03   6.5217208602e-01
  7.9600000000e+03   6.4962398380e-01
  8.0000000000e+03   6.4717821422e-01
  8.0400000000e+03   6.4483663130e-01
  8.0800000000e+03   6.4260123335e-01
  8.1200000000e+03   6.4047408095e-01
  8.1600000000e+03   6.3845738341e-01
  8.2000000000e+03   6.3655302741e-01
  8.2400000000e+03   6.3476249842e-01
  8.2800000000e+03   6.3308718913e-01
  8.3200000000e+03   6.3152935397e-01
  8.3600000000e+03   6.3009053745e-01
  8.4000000000e+03   6.2877144335e-01
  8.4400000000e+03   6.2757239656e-01
  8.4800000000e+03   6.2649348126e-01
  8.5200000000e+03   6.2553461665e-01
  8.5600000000e+03   6.2469608494e-01
  8.6000000000e+03   6.2397804629e-01
  8.6400000000e+03   6.2337972623e-01
  8.6800000000e+03   6.2290038166e-01
  8.7200000000e+03   6.2253885390e-01
  8.7600000000e+03   6.2229459232e-01
  8.8000000000e+03   6.2216665660e-01
  8.8400000000e+03   6.2215344425e-01
  8.8800000000e+03   6.2225251086e-01
  8.9200000000e+03   6.2246076584e-01
  8.9600000000e+03   6.2277602378e-01
  9.0000000000e+03   6.2319711453e-01
  9.0400000000e+03   6.2372263176e-01
  9.0800000000e+03   6.2435068665e-01
  9.1200000000e+03   6.2507912732e-01
  9.1600000000e+03   6.2590597565e-01
  9.2000000000e+03   6.2682924931e-01
  9.2400000000e+03   6.2784662791e-01
  9.2800000000e+03   6.2895532978e-01
  9.3200000000e+03   6.3015233385e-01
  9.3600000000e+03   6.3143461188e-01
  9.4000000000e+03   6.3279792294e-01
  9.4400000000e+03   6.3423734443e-01
  9.4800000000e+03   6.3574839987e-01
  9.5200000000e+03   6.3732650148e-01
  9.5600000000e+03   6.3896694288e-01
  9.6000000000e+03   6.4066514160e-01
  9.6400000000e+03   6.4241625201e-01
  9.6800000000e+03   6.4421607177e-01
  9.7200000000e+03   6.4606068558e-01
  9.7600000000e+03   6.4794576144e-01
  9.8000000000e+03   6.4986636796e-01
  9.8400000000e+03   6.5181769335e-01
  9.8800000000e+03   6.5379642335e-01
  9.9200000000e+03   6.5579868312e-01
  9.9600000000e+03   6.5782086575e-01
  1.0000000000e+04   6.5985924366e-01
  1.0040000000e+04   6.6191045151e-01
  1.0080000000e+04   6.6397149893e-01
  1.0120000000e+04   6.6603975194e-01
  1.0160000000e+04   6.6811189429e-01
  1.0200000000e+04   6.7018429787e-01
  1.0240000000e+04   6.7225365308e-01
  1.0280000000e+04   6.7431578459e-01
  1.0320000000e+04   6.7636663068e-01
  1.0360000000e+04   6.7840294087e-01
  1.0400000000e+04   6.8042172129e-01
  1.0440000000e+04   6.8242037865e-01
  1.0480000000e+04   6.8439614878e-01
  1.0520000000e+04   6.8634702838e-01
  1.0560000000e+04   6.8827050613e-01
  1.0600000000e+04   6.9016342300e-01
  1.0640000000e+04   6.9202252183e-01
  1.0680000000e+04   6.9384569160e-01
  1.0720000000e+04   6.9563044305e-01
  1.0760000000e+04   6.9737402676e-01
  1.0800000000e+04   6.9907344613e-01
  1.0840000000e+04   7.0072519334e-01
  1.0880000000e+04   7.0232566097e-01
  1.0920000000e+04   7.0387170125e-01
  1.0960000000e+04   7.0536058749e-01
  1.1000000000e+04   7.0678973249e-01
  1.1040000000e+04   7.0815687626e-01
  1.1080000000e+04   7.0945999385e-01
  1.1120000000e+04   7.1069700568e-01
  1.1160000000e+04   7.1186612969e-01
  1.1200000000e+04   7.1296583522e-01
  1.1240000000e+04   7.1399420796e-01
  1.1280000000e+04   7.1494975671e-01
  1.1320000000e+04   7.1583170261e-01
  1.1360000000e+04   7.1663974080e-01
  1.1400000000e+04   7.1737366173e-01
  1.1440000000e+04   7.1803305140e-01
  1.1480000000e+04   7.1861821393e-01
  1.1520000000e+04   7.1912926121e-01
  1.1560000000e+04   7.1956593662e-01
  1.1600000000e+04   7.1992753839e-01
  1.1640000000e+04   7.2021394917e-01
  1.1680000000e+04   7.2042571870e-01
  1.1720000000e+04   7.2056412137e-01
  1.1760000000e+04   7.2063090325e-01
  1.1800000000e+04   7.2062767440e-01
  1.1840000000e+04   7.2055593116e-01
  1.1880000000e+04   7.2041686447e-01
  1.1920000000e+04   7.2021164393e-01
  1.1960000000e+04   7.1994130525e-01
  1.2000000000e+04   7.1960733943e-01
  1.2040000000e+04   7.1921175721e-01
  1.2080000000e+04   7.1875651039e-01
  1.2120000000e+04   7.1824368208e-01
  1.2160000000e+04   7.1767566566e-01
  1.2200000000e+04   7.1705462079e-01
  1.2240000000e+04   7.1638192542e-01
  1.2280000000e+04   7.1565946078e-01
  1.2320000000e+04   7.1488931603e-01
  1.2360000000e+04   7.1407345042e-01
  1.2400000000e+04   7.1321414542e-01
  1.2440000000e+04   7.1231317512e-01
  1.2480000000e+04   7.1137239558e-01
  1.2520000000e+04   7.1039371777e-01
  1.2560000000e+04   7.0937983316e-01
  1.2600000000e+04   7.0833441512e-01
  1.2640000000e+04   7.0726086842e-01
  1.2680000000e+04   7.0616205014e-01
  1.2720000000e+04   7.0504069107e-01
  1.2760000000e+04   7.0389972292e-01
  1.2800000000e+04   7.0274149315e-01
  1.2840000000e+04   7.0156853260e-01
  1.2880000000e+04   7.0038312581e-01
  1.2920000000e+04   6.9918684649e-01
  1.2960000000e+04   6.9798137479e-01
  1.3000000000e+04   6.9676909984e-01
  1.3040000000e+04   6.9555361000e-01
  1.3080000000e+04   6.9433771514e-01
  1.3120000000e+04   6.9312367293e-01
  1.3160000000e+04   6.9191398426e-01
  1.3200000000e+04   6.9071103633e-01
  1.3240000000e+04   6.8951630482e-01
  1.3280000000e+04   6.8833122546e-01
  1.3320000000e+04   6.8715714702e-01
  1.3360000000e+04   6.8599518535e-01
  1.3400000000e+04   6.8484646724e-01
  1.3440000000e+04   6.8371341830e-01
  1.3480000000e+04   6.8259831741e-01
  1.3520000000e+04   6.8150271708e-01
  1.3560000000e+04   6.8042821272e-01
  1.3600000000e+04   6.7937690613e-01
  1.3640000000e+04   6.7835039627e-01
  1.3680000000e+04   6.7734934603e-01
  1.3720000000e+04   6.7637509518e-01
  1.3760000000e+04   6.7542850143e-01
  1.3800000000e+04   6.7450946101e-01
  1.3840000000e+04   6.7361806029e-01
  1.3880000000e+04   6.7275462331e-01
  1.3920000000e+04   6.7192049031e-01
  1.3960000000e+04   6.7111751005e-01
  1.4000000000e+04   6.7034734776e-01
  1.4040000000e+04   6.6961105663e-01
  1.4080000000e+04   6.6891010826e-01
  1.4120000000e+04   6.6824577482e-01
  1.4160000000e+04   6.6761875817e-01
  1.4200000000e+04   6.6702997798e-01
  1.4240000000e+04   6.6648036488e-01
  1.4280000000e+04   6.6596971566e-01
  1.4320000000e+04   6.6549751060e-01
  1.4360000000e+04   6.6506358967e-01
  1.4400000000e+04   6.6466779219e-01
  1.4440000000e+04   6.6430996080e-01
  1.4480000000e+04   6.6398899988e-01
  1.4520000000e+04   6.6370429193e-01
  1.4560000000e+04   6.6345507009e-01
  1.4600000000e+04   6.6324037464e-01
  1.4640000000e+04   6.6305955039e-01
  1.4680000000e+04   6.6291219647e-01
  1.4720000000e+04   6.6279839153e-01
  1.4760000000e+04   6.6271821796e-01
  1.4800000000e+04   6.6267151411e-01
  1.4840000000e+04   6.6265797784e-01
  1.4880000000e+04   6.6267688798e-01
  1.4920000000e+04   6.6272724678e-01
  1.4960000000e+04   6.6280778548e-01
  1.5000000000e+04   6.6291786571e-01
  1.5040000000e+04   6.6305739814e-01
  1.5080000000e+04   6.6322578692e-01
  1.5120000000e+04   6.6342213928e-01
  1.5160000000e+04   6.6364557484e-01
  1.5200000000e+04   6.6389608411e-01
  1.5240000000e+04   6.6417384062e-01
  1.5280000000e+04   6.6447911673e-01
  1.5320000000e+04   6.6481139074e-01
  1.5360000000e+04   6.6516942306e-01
  1.5400000000e+04   6.6555153745e-01
  1.5440000000e+04   6.6595603895e-01
  1.5480000000e+04   6.6638156787e-01
  1.5520000000e+04   6.6682626098e-01
  1.5560000000e+04   6.6728878399e-01
  1.5600000000e+04   6.6776838225e-01
  1.5640000000e+04   6.6826450589e-01
  1.5680000000e+04   6.6877594553e-01
  1.5720000000e+04   6.6930140446e-01
  1.5760000000e+04   6.6983990215e-01
  1.5800000000e+04   6.7039076863e-01
  1.5840000000e+04   6.7095255434e-01
  1.5880000000e+04   6.7152309972e-01
  1.5920000000e+04   6.7210066473e-01
  1.5960000000e+04   6.7268447536e-01
  1.6000000000e+04   6.7327380938e-01
  1.6040000000e+04   6.7386698722e-01
  1.6080000000e+04   6.7446259950e-01
  1.6120000000e+04   6.7505921881e-01
  1.6160000000e+04   6.7565565029e-01
  1.6200000000e+04   6.7625058642e-01
  1.6240000000e+04   6.7684316291e-01
  1.6280000000e+04   6.7743303246e-01
  1.6320000000e+04   6.7801913061e-01
  1.6360000000e+04   6.7859984241e-01
  1.6400000000e+04   6.7917343939e-01
  1.6440000000e+04   6.7973900680e-01
  1.6480000000e+04   6.8029606083e-01
  1.6520000000e+04   6.8084384537e-01
  1.6560000000e+04   6.8138122848e-01
  1.6600000000e+04   6.8190719719e-01
  1.6640000000e+04   6.8242096036e-01
  1.6680000000e+04   6.8292169363e-01
  1.6720000000e+04   6.8340900741e-01
  1.6760000000e+04   6.8388264228e-01
  1.6800000000e+04   6.8434206521e-01
  1.6840000000e+04   6.8478643832e-01
  1.6880000000e+04   6.8521426045e-01
  1.6920000000e+04   6.8562404330e-01
  1.6960000000e+04   6.8601479905e-01
  1.7000000000e+04   6.8638595286e-01
  1.7040000000e+04   6.8673750202e-01
  1.7080000000e+04   6.8706951652e-01
  1.7120000000e+04   6.8738151921e-01
  1.7160000000e+04   6.8767285836e-01
  1.7200000000e+04   6.8794266518e-01
  1.7240000000e+04   6.8819064870e-01
  1.7280000000e+04   6.8841642692e-01
  1.7320000000e+04   6.8861970653e-01
  1.7360000000e+04   6.8880069485e-01
  1.7400000000e+04   6.8895977887e-01
  1.7440000000e+04   6.8909751782e-01
  1.7480000000e+04   6.8921376029e-01
  1.7520000000e+04   6.8930758261e-01
  1.7560000000e+04   6.8937861825e-01
  1.7600000000e+04   6.8942694895e-01
  1.7640000000e+04   6.8945266170e-01
  1.7680000000e+04   6.8945641172e-01
  1.7720000000e+04   6.8943909882e-01
  1.7760000000e+04   6.8940191714e-01
  1.7800000000e+04   6.8934556882e-01
  1.7840000000e+04   6.8926967423e-01
  1.7880000000e+04   6.8917444352e-01
  1.7920000000e+04   6.8906122865e-01
  1.7960000000e+04   6.8893137873e-01
  1.8000000000e+04   6.8878500346e-01
  1.8040000000e+04   6.8862128848e-01
  1.8080000000e+04   6.8844081110e-01
  1.8120000000e+04   6.8824497034e-01
  1.8160000000e+04   6.8803450215e-01
  1.8200000000e+04   6.8780923690e-01
  1.8240000000e+04   6.8756942570e-01
  1.8280000000e+04   6.8731691339e-01
  1.8320000000e+04   6.8705416320e-01
  1.8360000000e+04   6.8678197721e-01
  1.8400000000e+04   6.8650082003e-01
  1.8440000000e+04   6.8621141889e-01
  1.8480000000e+04   6.8591446428e-01
  1.8520000000e+04   6.8561055307e-01
  1.8560000000e+04   6.8530070689e-01
  1.8600000000e+04   6.8498628812e-01
  1.8640000000e+04   6.8466942110e-01
  1.8680000000e+04   6.8435164765e-01
  1.8720000000e+04   6.8403322551e-01
  1.8760000000e+04   6.8371478361e-01
  1.8800000000e+04   6.8339693650e-01
  1.8840000000e+04   6.8308000631e-01
  1.8880000000e+04   6.8276428252e-01
  1.8920000000e+04   6.8245054561e-01
  1.8960000000e+04   6.8213986403e-01
  1.9000000000e+04   6.8183300749e-01
  1.9040000000e+04   6.8153035805e-01
  1.9080000000e+04   6.8123171652e-01
  1.9120000000e+04   6.8093800028e-01
  1.9160000000e+04   6.8065066024e-01
  1.9200000000e+04   6.8037115562e-01
  1.9240000000e+04   6.8009961648e-01
  1.9280000000e+04   6.7983573157e-01
  1.9320000000e+04   6.7957983949e-01
  1.9360000000e+04   6.7933084342e-01
  1.9400000000e+04   6.7908766754e-01
  1.9440000000e+04   6.7884998880e-01
  1.9480000000e+04   6.7861782756e-01
  1.9520000000e+04   6.7839105036e-01
  1.9560000000e+04   6.7816965682e-01
  1.9600000000e+04   6.7795451548e-01
  1.9640000000e+04   6.7774688136e-01
  1.9680000000e+04   6.7754774246e-01
  1.9720000000e+04   6.7735775269e-01
  1.9760000000e+04   6.7717670782e-01
  1.9800000000e+04   6.7700408099e-01
  1.9840000000e+04   6.7683964525e-01
  1.9880000000e+04   6.7668323655e-01
  1.9920000000e+04   6.7653459693e-01
  1.9960000000e+04   6.7639408358e-01
  2.0000000000e+04   6.7626208285e-01
  2.0040000000e+04   6.7613830760e-01
  2.0080000000e+04   6.7602294452e-01
  2.0120000000e+04   6.7591625473e-01
  2.0160000000e+04   6.7581802463e-01
  2.0200000000e+04   6.7572721982e-01
  2.0240000000e+04   6.7564309387e-01
  2.0280000000e+04   6.7556524894e-01
  2.0320000000e+04   6.7549289181e-01
  2.0360000000e+04   6.7542510399e-01
  2.0400000000e+04   6.7536214667e-01
  2.0440000000e+04   6.7530464434e-01
  2.0480000000e+04   6.7525282473e-01
  2.0520000000e+04   6.7520656695e-01
  2.0560000000e+04   6.7516550593e-01
  2.0600000000e+04   6.7512960109e-01
  2.0640000000e+04   6.7509851926e-01
  2.0680000000e+04   6.7507227520e-01
  2.0720000000e+04   6.7505063103e-01
  2.0760000000e+04   6.7503361301e-01
  2.0800000000e+04   6.7502054933e-01
  2.0840000000e+04   6.7501064665e-01
  2.0880000000e+04   6.7500373338e-01
  2.0920000000e+04   6.7499986699e-01
  2.0960000000e+04   6.7499899241e-01
  2.1000000000e+04   6.7500083315e-01
  2.1040000000e+04   6.7500531092e-01
  2.1080000000e+04   6.7501206595e-01
  2.1120000000e+04   6.7502044470e-01
  2.1160000000e+04   6.7503050736e-01
  2.1200000000e+04   6.7504287912e-01
  2.1240000000e+04   6.7505790288e-01
  2.1280000000e+04   6.7507575935e-01
  2.1320000000e+04   6.7509693963e-01
  2.1360000000e+04   6.7512225970e-01
  2.1400000000e+04   6.7515225123e-01
  2.1440000000e+04   6.7518733807e-01
  2.1480000000e+04   6.7522749488e-01
  2.1520000000e+04   6.7527212704e-01
  2.1560000000e+04   6.7532129587e-01
  2.1600000000e+04   6.7537506756e-01
  2.1640000000e+04   6.7543194073e-01
  2.1680000000e+04   6.7548998390e-01
  2.1720000000e+04   6.7554781260e-01
  2.1760000000e+04   6.7560509838e-01
  2.1800000000e+04   6.7566206071e-01
  2.1840000000e+04   6.7571844558e-01
  2.1880000000e+04   6.7577380364e-01
  2.1920000000e+04   6.7582731183e-01
  2.1960000000e+04   6.7587867905e-01
  2.2000000000e+04   6.7592755690e-01
  2.2040000000e+04   6.7597314363e-01
  2.2080000000e+04   6.7601534689e-01
  2.2120000000e+04   6.7605383238e-01
  2.2160000000e+04   6.7608794528e-01
  2.2200000000e+04   6.7611694403e-01
  2.2240000000e+04   6.7614017515e-01
  2.2280000000e+04   6.7615728211e-01
  2.2320000000e+04   6.7616788041e-01
  2.2360000000e+04   6.7617171522e-01
  2.2400000000e+04   6.7616818945e-01
  2.2440000000e+04   6.7615678793e-01
  2.2480000000e+04   6.7613711985e-01
  2.2520000000e+04   6.7610879677e-01
  2.2560000000e+04   6.7607095070e-01
  2.2600000000e+04   6.7602252691e-01
  2.2640000000e+04   6.7596277145e-01
  2.2680000000e+04   6.7589021808e-01
  2.2720000000e+04   6.7580371860e-01
  2.2760000000e+04   6.7570205270e-01
  2.2800000000e+04   6.7558416262e-01
  2.2840000000e+04   6.7544994025e-01
  2.2880000000e+04   6.7529876334e-01
  2.2920000000e+04   6.7513000033e-01
  2.2960000000e+04   6.7494378265e-01
  2.3000000000e+04   6.7473944664e-01
  2.3040000000e+04   6.7451621690e-01
  2.3080000000e+04   6.7427397938e-01
  2.3120000000e+04   6.7401279332e-01
  2.3160000000e+04   6.7373259440e-01
  2.3200000000e+04   6.7343344655e-01
  2.3240000000e+04   6.7311606709e-01
  2.3280000000e+04   6.7278144382e-01
  2.3320000000e+04   6.7243010841e-01
  2.3360000000e+04   6.7206295065e-01
  2.3400000000e+04   6.7168089270e-01
  2.3440000000e+04   6.7128480862e-01
  2.3480000000e+04   6.7087482392e-01
  2.3520000000e+04   6.7045182710e-01
  2.3560000000e+04   6.7001725982e-01
  2.3600000000e+04   6.6957234123e-01
  2.3640000000e+04   6.6911812815e-01
  2.3680000000e+04   6.6865582080e-01
  2.3720000000e+04   6.6818682438e-01
  2.3760000000e+04   6.6771166569e-01
  2.3800000000e+04   6.6723127010e-01
  2.3840000000e+04   6.6674717935e-01
  2.3880000000e+04   6.6626086074e-01
  2.3920000000e+04   6.6577415862e-01
  2.3960000000e+04   6.6528850472e-01
  2.4000000000e+04   6.6480429706e-01
  2.4040000000e+04   6.6432189912e-01
  2.4080000000e+04   6.6384164411e-01
  2.4120000000e+04   6.6336433979e-01
  2.4160000000e+04   6.6289143350e-01
  2.4200000000e+04   6.6242479050e-01
  2.4240000000e+04   6.6196576457e-01
  2.4280000000e+04   6.6151587677e-01
  2.4320000000e+04   6.6107658104e-01
  2.4360000000e+04   6.6064893292e-01
  2.4400000000e+04   6.6023375812e-01
  2.4440000000e+04   6.5983211909e-01
  2.4480000000e+04   6.5944464131e-01
  2.4520000000e+04   6.5907153975e-01
  2.4560000000e+04   6.5871243640e-01
  2.4600000000e+04   6.5836784679e-01
  2.4640000000e+04   6.5803904520e-01
  2.4680000000e+04   6.5772673129e-01
  2.4720000000e+04   6.5743124693e-01
  2.4760000000e+04   6.5715354680e-01
  2.4800000000e+04   6.5689486330e-01
  2.4840000000e+04   6.5665632065e-01
  2.4880000000e+04   6.5643868622e-01
  2.4920000000e+04   6.5624223349e-01
  2.4960000000e+04   6.5606736018e-01
  2.5000000000e+04   6.5591456020e-01
  2.5040000000e+04   6.5578426688e-01
  2.5080000000e+04   6.5567721435e-01
  2.5120000000e+04   6.5559346614e-01
  2.5160000000e+04   6.5553299423e-01
  2.5200000000e+04   6.5549582795e-01
  2.5240000000e+04   6.5548225887e-01
  2.5280000000e+04   6.5549197373e-01
  2.5320000000e+04   6.5552430017e-01
  2.5360000000e+04   6.5557882173e-01
  2.5400000000e+04   6.5565554777e-01
  2.5440000000e+04   6.5575392828e-01
  2.5480000000e+04   6.5587271670e-01
  2.5520000000e+04   6.5601109286e-01
  2.5560000000e+04   6.5616791610e-01
  2.5600000000e+04   6.5634221416e-01
  2.5640000000e+04   6.5653299263e-01
  2.5680000000e+04   6.5673895337e-01
  2.5720000000e+04   6.5695870371e-01
  2.5760000000e+04   6.5719088282e-01
  2.5800000000e+04   6.5743390900e-01
  2.5840000000e+04   6.5768644083e-01
  2.5880000000e+04   6.5794769587e-01
  2.5920000000e+04   6.5821684913e-01
  2.5960000000e+04   6.5849304583e-01
  2.6000000000e+04   6.5877567092e-01
  2.6040000000e+04   6.5906398587e-01
  2.6080000000e+04   6.5935625529e-01
  2.6120000000e+04   6.5964971964e-01
  2.6160000000e+04   6.5994205871e-01
  2.6200000000e+04   6.6023239786e-01
  2.6240000000e+04   6.6052031928e-01
  2.6280000000e+04   6.6080495117e-01
  2.6320000000e+04   6.6108503296e-01
  2.6360000000e+04   6.6135951189e-01
  2.6400000000e+04   6.6162701438e-01
  2.6440000000e+04   6.6188697312e-01
  2.6480000000e+04   6.6213971115e-01
  2.6520000000e+04   6.6238485187e-01
  2.6560000000e+04   6.6262170878e-01
  2.6600000000e+04   6.6284990420e-01
  2.6640000000e+04   6.6306955856e-01
  2.6680000000e+04   6.6328121974e-01
  2.6720000000e+04   6.6348447390e-01
  2.6760000000e+04   6.6367933115e-01
  2.6800000000e+04   6.6386617244e-01
  2.6840000000e+04   6.6404445031e-01
  2.6880000000e+04   6.6421417040e-01
  2.6920000000e+04   6.6437576912e-01
  2.6960000000e+04   6.6452968092e-01
  2.7000000000e+04   6.6467659117e-01
  2.7040000000e+04   6.6481674164e-01
  2.7080000000e+04   6.6494957947e-01
  2.7120000000e+04   6.6507490905e-01
  2.7160000000e+04   6.6519288111e-01
  2.7200000000e+04   6.6530342740e-01
  2.7240000000e+04   6.6540615555e-01
  2.7280000000e+04   6.6550065056e-01
  2.7320000000e+04   6.6558669890e-01
  2.7360000000e+04   6.6566439981e-01
  2.7400000000e+04   6.6573390150e-01
  2.7440000000e+04   6.6579606864e-01
  2.7480000000e+04   6.6585196580e-01
  2.7520000000e+04   6.6590166441e-01
  2.7560000000e+04   6.6594457003e-01
  2.7600000000e+04   6.6598030249e-01
  2.7640000000e+04   6.6600935578e-01
  2.7680000000e+04   6.6603206061e-01
  2.7720000000e+04   6.6604830512e-01
  2.7760000000e+04   6.6605784796e-01
  2.7800000000e+04   6.6606038861e-01
  2.7840000000e+04   6.6605606791e-01
  2.7880000000e+04   6.6604489590e-01
  2.7920000000e+04   6.6602707104e-01
  2.7960000000e+04   6.6600245174e-01
  2.8000000000e+04   6.6597091401e-01
  2.8040000000e+04   6.6593216595e-01
  2.8080000000e+04   6.6588617934e-01
  2.8120000000e+04   6.6583258737e-01
  2.8160000000e+04   6.6576997984e-01
  2.8200000000e+04   6.6569752630e-01
  2.8240000000e+04   6.6561561169e-01
  2.8280000000e+04   6.6552540608e-01
  2.8320000000e+04   6.6542788352e-01
  2.8360000000e+04   6.6532335048e-01
  2.8400000000e+04   6.6521201708e-01
  2.8440000000e+04   6.6509469778e-01
  2.8480000000e+04   6.6497236156e-01
  2.8520000000e+04   6.6484544797e-01
  2.8560000000e+04   6.6471492739e-01
  2.8600000000e+04   6.6458193162e-01
  2.8640000000e+04   6.6444677603e-01
  2.8680000000e+04   6.6430875101e-01
  2.8720000000e+04   6.6416791811e-01
  2.8760000000e+04   6.6402587036e-01
  2.8800000000e+04   6.6388400932e-01
  2.8840000000e+04   6.6374139142e-01
  2.8880000000e+04   6.6359656261e-01
  2.8920000000e+04   6.6344998000e-01
  2.8960000000e+04   6.6330269937e-01
  2.9000000000e+04   6.6315485339e-01
  2.9040000000e+04   6.6300666669e-01
  2.9080000000e+04   6.6285859046e-01
  2.9120000000e+04   6.6271040630e-01
  2.9160000000e+04   6.6256140426e-01
  2.9200000000e+04   6.6241085256e-01
  2.9240000000e+04   6.6225738774e-01
  2.9280000000e+04   6.6209976014e-01
  2.9320000000e+04   6.6193753611e-01
  2.9360000000e+04   6.6177070787e-01
  2.9400000000e+04   6.6159887806e-01
  2.9440000000e+04   6.6142126225e-01
  2.9480000000e+04   6.6123765320e-01
  2.9520000000e+04   6.6104846149e-01
  2.9560000000e+04   6.6085446391e-01
  2.9600000000e+04   6.6065656738e-01
  2.9640000000e+04   6.6045514130e-01
  2.9680000000e+04   6.6024980997e-01
  2.9720000000e+04   6.6004073684e-01
  2.9760000000e+04   6.5982823211e-01
  2.9800000000e+04   6.5961270756e-01
  2.9840000000e+04   6.5939523823e-01
  2.9880000000e+04   6.5917708955e-01
  2.9920000000e+04   6.5895852458e-01
  2.9960000000e+04   6.5873920531e-01
  3.0000000000e+04   6.5851914198e-01
  3.0040000000e+04   6.5829826007e-01
  3.0080000000e+04   6.5807622341e-01
  3.0120000000e+04   6.5785239858e-01
  3.0160000000e+04   6.5762684800e-01
  3.0200000000e+04   6.5739995473e-01
  3.0240000000e+04   6.5717242175e-01
  3.0280000000e+04   6.5694523943e-01
  3.0320000000e+04   6.5671874305e-01
  3.0360000000e+04   6.5649330285e-01
  3.0400000000e+04   6.5626958954e-01
  3.0440000000e+04   6.5604813302e-01
  3.0480000000e+04   6.5583014298e-01
  3.0520000000e+04   6.5561694300e-01
  3.0560000000e+04   6.5540945712e-01
  3.0600000000e+04   6.5520848556e-01
  3.0640000000e+04   6.5501512646e-01
  3.0680000000e+04   6.5483027520e-01
  3.0720000000e+04   6.5465522566e-01
  3.0760000000e+04   6.5449098929e-01
  3.0800000000e+04   6.5433816525e-01
  3.0840000000e+04   6.5419761138e-01
  3.0880000000e+04   6.5407005717e-01
  3.0920000000e+04   6.5395574749e-01
  3.0960000000e+04   6.5385467303e-01
  3.1000000000e+04   6.5376669591e-01
  3.1040000000e+04   6.5369171959e-01
  3.1080000000e+04   6.5362967592e-01
  3.1120000000e+04   6.5358024342e-01
  3.1160000000e+04   6.5354334610e-01
  3.1200000000e+04   6.5351950206e-01
  3.1240000000e+04   6.5350955686e-01
  3.1280000000e+04   6.5351435355e-01
  3.1320000000e+04   6.5353474894e-01
  3.1360000000e+04   6.5357153477e-01
  3.1400000000e+04   6.5362572377e-01
  3.1440000000e+04   6.5369883169e-01
  3.1480000000e+04   6.5379127744e-01
  3.1520000000e+04   6.5390410264e-01
  3.1560000000e+04   6.5403806128e-01
  3.1600000000e+04   6.5419337703e-01
  3.1640000000e+04   6.5437098226e-01
  3.1680000000e+04   6.5457189456e-01
  3.1720000000e+04   6.5479648332e-01
  3.1760000000e+04   6.5504497111e-01
  3.1800000000e+04   6.5531718002e-01
  3.1840000000e+04   6.5561271682e-01
  3.1880000000e+04   6.5593126211e-01
  3.1920000000e+04   6.5627209968e-01
  3.1960000000e+04   6.5663499108e-01
  3.2000000000e+04   6.5701925374e-01
  3.2040000000e+04   6.5742319403e-01
  3.2080000000e+04   6.5784483647e-01
  3.2120000000e+04   6.5828329852e-01
  3.2160000000e+04   6.5873802481e-01
  3.2200000000e+04   6.5920833717e-01
  3.2240000000e+04   6.5969424430e-01
  3.2280000000e+04   6.6019463606e-01
  3.2320000000e+04   6.6070773000e-01
  3.2360000000e+04   6.6123235369e-01
  3.2400000000e+04   6.6176726176e-01
  3.2440000000e+04   6.6231081900e-01
  3.2480000000e+04   6.6286165389e-01
  3.2520000000e+04   6.6341821080e-01
  3.2560000000e+04   6.6397902812e-01
  3.2600000000e+04   6.6454277546e-01
  3.2640000000e+04   6.6510785426e-01
  3.2680000000e+04   6.6567280148e-01
  3.2720000000e+04   6.6623613920e-01
  3.2760000000e+04   6.6679642570e-01
  3.2800000000e+04   6.6735277665e-01
  3.2840000000e+04   6.6790448692e-01
  3.2880000000e+04   6.6844988247e-01
  3.2920000000e+04   6.6898716521e-01
  3.2960000000e+04   6.6951447336e-01
  3.3000000000e+04   6.7002982139e-01
  3.3040000000e+04   6.7053097968e-01
  3.3080000000e+04   6.7101635079e-01
  3.3120000000e+04   6.7148449294e-01
  3.3160000000e+04   6.7193429276e-01
  3.3200000000e+04   6.7236484632e-01
  3.3240000000e+04   6.7277515584e-01
  3.3280000000e+04   6.7316413405e-01
  3.3320000000e+04   6.7353225446e-01
  3.3360000000e+04   6.7388008667e-01
  3.3400000000e+04   6.7420758232e-01
  3.3440000000e+04   6.7451465746e-01
  3.3480000000e+04   6.7480149465e-01
  3.3520000000e+04   6.7506746520e-01
  3.3560000000e+04   6.7531209916e-01
  3.3600000000e+04   6.7553539596e-01
  3.3640000000e+04   6.7573712514e-01
  3.3680000000e+04   6.7591720587e-01
  3.3720000000e+04   6.7607499276e-01
  3.3760000000e+04   6.7620975439e-01
  3.3800000000e+04   6.7632078512e-01
  3.3840000000e+04   6.7640796681e-01
  3.3880000000e+04   6.7647189559e-01
  3.3920000000e+04   6.7651291762e-01
  3.3960000000e+04   6.7653100184e-01
  3.4000000000e+04   6.7652623791e-01
  3.4040000000e+04   6.7649846249e-01
  3.4080000000e+04   6.7644782279e-01
  3.4120000000e+04   6.7637381951e-01
  3.4160000000e+04   6.7627584858e-01
  3.4200000000e+04   6.7615304620e-01
  3.4240000000e+04   6.7600483539e-01
  3.4280000000e+04   6.7583074499e-01
  3.4320000000e+04   6.7563094740e-01
  3.4360000000e+04   6.7540561570e-01
  3.4400000000e+04   6.7515544295e-01
  3.4440000000e+04   6.7488149371e-01
  3.4480000000e+04   6.7458474052e-01
  3.4520000000e+04   6.7426643980e-01
  3.4560000000e+04   6.7392709035e-01
  3.4600000000e+04   6.7356608234e-01
  3.4640000000e+04   6.7318394642e-01
  3.4680000000e+04   6.7278148961e-01
  3.4720000000e+04   6.7236018691e-01
  3.4760000000e+04   6.7192124213e-01
  3.4800000000e+04   6.7146581343e-01
  3.4840000000e+04   6.7099462369e-01
  3.4880000000e+04   6.7050800216e-01
  3.4920000000e+04   6.7000644782e-01
  3.4960000000e+04   6.6949050735e-01
  3.5000000000e+04   6.6896136356e-01
  3.5040000000e+04   6.6841969188e-01
  3.5080000000e+04   6.6786660328e-01
  3.5120000000e+04   6.6730357360e-01
  3.5160000000e+04   6.6673211595e-01
  3.5200000000e+04   6.6615383472e-01
  3.5240000000e+04   6.6556986837e-01
  3.5280000000e+04   6.6498069595e-01
  3.5320000000e+04   6.6438806058e-01
  3.5360000000e+04   6.6379447056e-01
  3.5400000000e+04   6.6320188755e-01
  3.5440000000e+04   6.6261153592e-01
  3.5480000000e+04   6.6202460877e-01
  3.5520000000e+04   6.6144223920e-01
  3.5560000000e+04   6.6086491331e-01
  3.5600000000e+04   6.6029385556e-01
  3.5640000000e+04   6.5973003082e-01
  3.5680000000e+04   6.5917346953e-01
  3.5720000000e+04   6.5862446963e-01
  3.5760000000e+04   6.5808367081e-01
  3.5800000000e+04   6.5755121184e-01
  3.5840000000e+04   6.5702761232e-01
  3.5880000000e+04   6.5651374619e-01
  3.5920000000e+04   6.5601070566e-01
  3.5960000000e+04   6.5552033819e-01
  3.6000000000e+04   6.5504464715e-01
  3.6040000000e+04   6.5458461536e-01
  3.6080000000e+04   6.5414077534e-01
  3.6120000000e+04   6.5371371232e-01
  3.6160000000e+04   6.5330441228e-01
  3.6200000000e+04   6.5291398267e-01
  3.6240000000e+04   6.5254320792e-01
  3.6280000000e+04   6.5219283738e-01
  3.6320000000e+04   6.5186384222e-01
  3.6360000000e+04   6.5155714675e-01
  3.6400000000e+04   6.5127290119e-01
  3.6440000000e+04   6.5101139267e-01
  3.6480000000e+04   6.5077374491e-01
  3.6520000000e+04   6.5056077529e-01
  3.6560000000e+04   6.5037270653e-01
  3.6600000000e+04   6.5020953757e-01
  3.6640000000e+04   6.5007189958e-01
  3.6680000000e+04   6.4996082161e-01
  3.6720000000e+04   6.4987681302e-01
  3.6760000000e+04   6.4981977868e-01
  3.6800000000e+04   6.4978937536e-01
  3.6840000000e+04   6.4978524882e-01
  3.6880000000e+04   6.4980673582e-01
  3.6920000000e+04   6.4985315268e-01
  3.6960000000e+04   6.4992381490e-01
  3.7000000000e+04   6.5001781364e-01
  3.7040000000e+04   6.5013442193e-01
  3.7080000000e+04   6.5027348727e-01
  3.7120000000e+04   6.5043511243e-01
  3.7160000000e+04   6.5061906425e-01
  3.7200000000e+04   6.5082424423e-01
  3.7240000000e+04   6.5104946590e-01
  3.7280000000e+04   6.5129388056e-01
  3.7320000000e+04   6.5155652331e-01
  3.7360000000e+04   6.5183633731e-01
  3.7400000000e+04   6.5213230614e-01
  3.7440000000e+04   6.5244287208e-01
  3.7480000000e+04   6.5276634295e-01
  3.7520000000e+04   6.5310110528e-01
  3.7560000000e+04   6.5344608409e-01
  3.7600000000e+04   6.5379996765e-01
  3.7640000000e+04   6.5416188116e-01
  3.7680000000e+04   6.5453033293e-01
  3.7720000000e+04   6.5490350706e-01
  3.7760000000e+04   6.5527991811e-01
  3.7800000000e+04   6.5565828945e-01
  3.7840000000e+04   6.5603750980e-01
  3.7880000000e+04   6.5641759835e-01
  3.7920000000e+04   6.5679769372e-01
  3.7960000000e+04   6.5717642050e-01
  3.8000000000e+04   6.5755269414e-01
  3.8040000000e+04   6.5792534880e-01
  3.8080000000e+04   6.5829332348e-01
  3.8120000000e+04   6.5865545319e-01
  3.8160000000e+04   6.5901086596e-01
  3.8200000000e+04   6.5935919956e-01
  3.8240000000e+04   6.5969968284e-01
  3.8280000000e+04   6.6003224030e-01
  3.8320000000e+04   6.6035759702e-01
  3.8360000000e+04   6.6067699753e-01
  3.8400000000e+04   6.6099144038e-01
  3.8440000000e+04   6.6130085048e-01
  3.8480000000e+04   6.6160516178e-01
  3.8520000000e+04   6.6190444559e-01
  3.8560000000e+04   6.6219859750e-01
  3.8600000000e+04   6.6248690387e-01
  3.8640000000e+04   6.6276848209e-01
  3.8680000000e+04   6.6304163622e-01
  3.8720000000e+04   6.6330487453e-01
  3.8760000000e+04   6.6355732269e-01
  3.8800000000e+04   6.6379821343e-01
  3.8840000000e+04   6.6402690882e-01
  3.8880000000e+04   6.6424407998e-01
  3.8920000000e+04   6.6445109858e-01
  3.8960000000e+04   6.6464865643e-01
  3.9000000000e+04   6.6483701842e-01
  3.9040000000e+04   6.6501576340e-01
  3.9080000000e+04   6.6518477359e-01
  3.9120000000e+04   6.6534346627e-01
  3.9160000000e+04   6.6549053250e-01
  3.9200000000e+04   6.6562512042e-01
  3.9240000000e+04   6.6574755153e-01
  3.9280000000e+04   6.6585753176e-01
  3.9320000000e+04   6.6595500729e-01
  3.9360000000e+04   6.6604033296e-01
  3.9400000000e+04   6.6611341200e-01
  3.9440000000e+04   6.6617339515e-01
  3.9480000000e+04   6.6621976290e-01
  3.9520000000e+04   6.6625244873e-01
  3.9560000000e+04   6.6627183481e-01
  3.9600000000e+04   6.6627851794e-01
  3.9640000000e+04   6.6627241426e-01
  3.9680000000e+04   6.6625317211e-01
  3.9720000000e+04   6.6622029972e-01
  3.9760000000e+04   6.6617378040e-01
  3.9800000000e+04   6.6611325307e-01
  3.9840000000e+04   6.6603829585e-01
  3.9880000000e+04   6.6594884505e-01
  3.9920000000e+04   6.6584581728e-01
  3.9960000000e+04   6.6572964234e-01
